'+256 770 136 683
'+256 701 655 304
'+256 722 546 835
'+256 760 479 419
'+256 769 612 170
'+256 731 734 310
'+256 748 359 054
'+256 787 320 619
'+256 712 846 755
'+256 789 063 819
'+256 724 745 497
'+256 779 880 371
'+256 702 638 823
'+256 713 917 235
'+256 722 270 315
'+256 750 785 296
'+256 784 555 580
'+256 702 366 261
'+256 758 920 357
'+256 732 421 450
'+256 703 208 980
'+256 736 646 673
'+256 778 134 768

'+256 763 124 318
'+256 796 893 068
'+256 728 872 873
'+256 798 966 555
'+256 741 751 402
'+256 734 445 570
'+256 734 624 149
'+256 739 016 290
'+256 749 709 936
'+256 746 446 058
'+256 721 617 402
'+256 739 959 234
'+256 755 436 840
'+256 709 298 896
'+256 730 073 357
'+256 715 714 483
'+256 714 520 242
'+256 736 317 388
'+256 758 879 915
'+256 765 103 179
'+256 733 748 383
'+256 749 332 751
'+256 777 073 240
'+256 762 734 601
'+256 777 077 055
'+256 793 542 662
'+256 728 724 057
'+256 793 691 063
'+256 772 164 505
'+256 709 324 971
'+256 782 358 439
'+256 720 792 655
'+256 757 956 402
'+256 724 046 275
'+256 780 547 426
'+256 715 704 550
'+256 718 568 723
'+256 736 066 260
'+256 743 117 178
'+256 762 393 446
'+256 742 040 890
'+256 730 137 763
'+256 747 899 439
'+256 784 889 461
'+256 789 134 583
'+256 715 949 094
'+256 725 277 974
'+256 745 541 997
'+256 738 001 382
'+256 761 140 853

'+256 789 693 440
'+256 761 613 587
'+256 794 226 939
'+256 779 951 807
'+256 799 819 902
'+256 766 785 326
'+256 719 095 431
'+256 785 884 704
'+256 795 064 774
'+256 743 153 395
'+256 748 468 906
'+256 739 406 394
'+256 742 655 117
'+256 794 904 629

'+256 701 805 440
'+256 717 819 475
'+256 737 939 489
'+256 760 573 759
'+256 708 661 965
'+256 759 897 043
'+256 700 451 721
'+256 767 253 621
'+256 767 847 498
'+256 716 194 064
'+256 773 577 583
'+256 751 384 831

'+256 768 901 193
'+256 795 434 244
'+256 740 583 106
'+256 784 972 355
'+256 717 281 112
'+256 757 426 807
'+256 758 954 165
'+256 764 583 114
'+256 769 199 912
'+256 709 801 192
'+256 759 677 935
'+256 769 046 967
'+256 767 259 200
'+256 799 488 299
'+256 788 134 993
'+256 724 941 315

'+256 791 042 271
'+256 700 325 586
'+256 782 799 619
'+256 718 273 050
'+256 767 617 061
'+256 739 788 568
'+256 711 544 457
'+256 760 083 511
'+256 722 548 301
'+256 731 074 061
'+256 763 035 811
'+256 768 314 531
'+256 724 993 469
'+256 757 465 900
'+256 739 780 838
'+256 768 699 493
'+256 742 633 944
'+256 709 659 734

'+256 704 913 274
'+256 742 092 807
'+256 704 279 449
'+256 747 325 784
'+256 782 666 927
'+256 713 617 914
'+256 741 081 973
'+256 728 988 697
'+256 723 474 339
'+256 742 592 994
'+256 707 360 103
'+256 713 250 030
'+256 764 932 128

'+256 782 013 742
'+256 714 533 338
'+256 744 290 355
'+256 713 208 208
'+256 738 758 568
'+256 733 376 967
'+256 728 576 041
'+256 756 715 383
'+256 775 016 416
'+256 743 016 095
'+256 763 882 478

'+256 762 374 116
'+256 718 750 009
'+256 776 731 124
'+256 756 869 742
'+256 761 249 282
'+256 760 985 139

'+256 719 095 112
'+256 734 732 616
'+256 785 454 689
'+256 753 101 753
'+256 751 357 964
'+256 798 335 112
'+256 787 111 693
'+256 785 161 879
'+256 714 258 550
'+256 720 385 844
'+256 780 216 759
'+256 728 178 413
'+256 776 005 348
'+256 733 282 307
'+256 745 467 974
'+256 736 765 537
'+256 705 462 221
'+256 780 070 608
'+256 797 717 186
'+256 704 756 048
'+256 750 351 204
'+256 720 457 380
'+256 723 615 343
'+256 792 810 799
'+256 734 928 931
'+256 727 565 099
'+256 741 393 584
'+256 782 732 233
'+256 706 437 870
'+256 779 985 839
'+256 709 422 554
'+256 750 652 437
'+256 717 795 961
'+256 704 440 595
'+256 705 355 927

'+256 790 311 202
'+256 781 616 006
'+256 703 057 975
'+256 710 989 287
'+256 794 351 014

'+256 748 705 742
'+256 737 036 823
'+256 783 350 007
'+256 776 772 390
'+256 729 852 061
'+256 759 871 354
'+256 714 160 679
'+256 740 817 774
'+256 781 610 947
'+256 711 881 685
'+256 734 038 475
'+256 747 835 331
'+256 798 311 084
'+256 740 493 916
'+256 793 375 924
'+256 722 631 163

'+256 785 515 723
'+256 723 413 587
'+256 743 629 133

'+256 715 390 655
'+256 772 577 198
'+256 741 846 362
'+256 790 332 530
'+256 763 078 719
'+256 715 707 461
'+256 780 061 628
'+256 794 524 802
'+256 799 533 367
'+256 725 647 736
'+256 787 765 347
'+256 725 884 703
'+256 710 765 052
'+256 712 931 640
'+256 713 580 600
'+256 731 891 412
'+256 755 128 060
'+256 783 036 408
'+256 757 928 132
'+256 733 261 385
'+256 712 539 268
'+256 703 283 927

'+256 765 607 695
'+256 718 527 033
'+256 745 132 215
'+256 719 032 927
'+256 754 875 743

'+256 710 500 197
'+256 729 122 052
'+256 765 778 095
'+256 735 069 737
'+256 749 395 762
'+256 731 216 882
'+256 725 767 693
'+256 785 906 779
'+256 765 365 993
'+256 795 635 651
'+256 743 321 101

'+256 742 955 264
'+256 785 185 059
'+256 728 371 551
'+256 794 993 702
'+256 711 404 475
'+256 760 909 246
'+256 743 098 123
'+256 718 008 835
'+256 767 252 290
'+256 736 193 887
'+256 723 809 826
'+256 774 302 002
'+256 775 408 040
'+256 735 849 396
'+256 793 733 365
'+256 753 932 233
'+256 721 126 537
'+256 712 227 426
'+256 782 898 171
'+256 718 147 607
'+256 757 824 374
'+256 739 251 495
'+256 762 318 798
'+256 709 876 360
'+256 750 305 754

'+256 721 345 088
'+256 780 808 803
'+256 759 317 181
'+256 736 111 624
'+256 723 784 550
'+256 789 316 762
'+256 721 365 273
'+256 720 574 927
'+256 741 412 942
'+256 719 158 840
'+256 769 335 736
'+256 704 915 250
'+256 736 234 831
'+256 711 289 976
'+256 719 499 284
'+256 747 479 224

'+256 772 298 698
'+256 702 705 330
'+256 762 550 912
'+256 771 409 503
'+256 720 912 515
'+256 727 684 439
'+256 740 754 752
'+256 747 120 563
'+256 742 475 014
'+256 766 352 933

'+256 712 495 789
'+256 768 601 475
'+256 794 461 522
'+256 721 974 311
'+256 776 372 597
'+256 708 787 933
'+256 736 478 659
'+256 781 068 456
'+256 755 497 602
'+256 794 407 633
'+256 785 596 526
'+256 756 889 239
'+256 727 207 736
'+256 702 155 804
'+256 745 307 899
'+256 731 548 627
'+256 757 663 305
'+256 796 472 906
'+256 796 750 532
'+256 729 742 531
'+256 794 857 622
'+256 773 069 502
'+256 720 349 409

'+256 717 462 557
'+256 782 356 719
'+256 746 329 048
'+256 759 468 434
'+256 713 003 862
'+256 792 704 605
'+256 723 401 675
'+256 771 761 522
'+256 782 081 549
'+256 702 615 799
'+256 768 420 317
'+256 702 455 541
'+256 774 149 342
'+256 744 438 277
'+256 746 340 810
'+256 721 251 641
'+256 714 338 935
'+256 738 451 127
'+256 746 698 067
'+256 793 227 163

'+256 702 431 002
'+256 755 665 904
'+256 765 928 808
'+256 777 637 406
'+256 761 216 741
'+256 772 191 014
'+256 712 227 071
'+256 766 622 461
'+256 755 051 811
'+256 784 359 824
'+256 790 878 259
'+256 760 441 821
'+256 770 846 955
'+256 793 325 365
'+256 773 317 022
'+256 790 674 115
'+256 776 812 803
'+256 741 151 682

'+256 785 439 941
'+256 718 219 961
'+256 708 255 152
'+256 703 467 425

'+256 718 476 823
'+256 744 697 747
'+256 790 543 287
'+256 788 252 064
'+256 759 521 682
'+256 716 289 752
'+256 725 232 774
'+256 789 241 883
'+256 752 328 924
'+256 711 415 034
'+256 700 584 795
'+256 720 240 399
'+256 706 774 690
'+256 731 294 277
'+256 731 027 972

'+256 761 301 372
'+256 733 179 720
'+256 738 977 989
'+256 775 411 189
'+256 729 297 278
'+256 711 842 922
'+256 798 669 953
'+256 786 504 454
'+256 768 008 516
'+256 707 384 191
'+256 728 432 514
'+256 794 081 149
'+256 722 089 054
'+256 714 358 753
'+256 753 588 241
'+256 778 209 534
'+256 716 738 165
'+256 752 588 157
'+256 754 865 094

'+256 784 727 908
'+256 767 829 101
'+256 720 524 433
'+256 780 971 119
'+256 749 089 234
'+256 730 957 523
'+256 770 255 903
'+256 743 005 699
'+256 738 053 367
'+256 714 076 142
'+256 734 702 075
'+256 734 082 582
'+256 787 724 857
'+256 726 296 134

'+256 783 063 663
'+256 711 847 034
'+256 716 328 548
'+256 752 768 002
'+256 745 832 004

'+256 781 692 752
'+256 789 999 214
'+256 737 591 871
'+256 789 545 367
'+256 713 641 966
'+256 725 267 592
'+256 746 029 976
'+256 701 966 907
'+256 742 122 046
'+256 761 264 226
'+256 710 607 582
'+256 730 954 709
'+256 757 565 289
'+256 795 642 957
'+256 749 359 585
'+256 751 800 075

'+256 700 410 702
'+256 703 110 589
'+256 768 791 100
'+256 798 405 463
'+256 713 977 744
'+256 772 484 409
'+256 753 628 698
'+256 715 363 198
'+256 791 470 994
'+256 777 888 810
'+256 765 833 765
'+256 725 131 323
'+256 748 517 600
'+256 746 865 857
'+256 711 192 255
'+256 704 052 853
'+256 712 834 491
'+256 706 760 266
'+256 768 066 345
'+256 735 171 280
'+256 709 676 589

'+256 705 107 921
'+256 703 685 131
'+256 728 674 312
'+256 711 098 790
'+256 766 619 836
'+256 716 249 591
'+256 735 817 351
'+256 713 236 375
'+256 768 334 381
'+256 748 952 144
'+256 760 725 041
'+256 744 022 735
'+256 731 168 911
'+256 734 351 614
'+256 784 396 758
'+256 726 256 793
'+256 736 625 758
'+256 716 943 798
'+256 749 921 120
'+256 774 592 828
'+256 792 495 796
'+256 775 103 724
'+256 738 643 903
'+256 735 021 371
'+256 732 739 895
'+256 700 884 849
'+256 756 781 998
'+256 783 983 922
'+256 747 408 293
'+256 712 556 240
'+256 722 569 809
'+256 747 298 738
'+256 762 004 102
'+256 712 631 645
'+256 725 771 625
'+256 722 128 597
'+256 755 261 455
'+256 720 824 273
'+256 707 809 785
'+256 737 136 063

'+256 721 017 761
'+256 748 130 513
'+256 754 296 290
'+256 753 870 445
'+256 766 238 344
'+256 759 363 750
'+256 779 657 022
'+256 758 806 745
'+256 765 174 274
'+256 776 441 282
'+256 779 194 129
'+256 795 583 253
'+256 708 343 547
'+256 710 013 749
'+256 723 094 562
'+256 718 884 216
'+256 731 222 141
'+256 729 461 378
'+256 785 530 305
'+256 703 910 927
'+256 734 363 395
'+256 744 722 663
'+256 724 648 262
'+256 799 806 120
'+256 712 804 108
'+256 794 833 357
'+256 779 708 137
'+256 779 153 933
'+256 765 006 329
'+256 754 533 348
'+256 794 709 275
'+256 793 680 100
'+256 716 500 233
'+256 702 047 106
'+256 790 984 924
'+256 728 937 213
'+256 729 009 287
'+256 738 804 207
'+256 703 696 242
'+256 758 741 867

'+256 735 996 149
'+256 728 736 026
'+256 727 407 627
'+256 730 412 787
'+256 764 077 168
'+256 781 587 120
'+256 780 068 436
'+256 708 316 126
'+256 713 815 165
'+256 747 971 112
'+256 718 569 411
'+256 716 744 523

'+256 790 532 334
'+256 718 732 165
'+256 789 403 811
'+256 754 862 582
'+256 757 532 740
'+256 754 128 150
'+256 702 780 967
'+256 797 035 879
'+256 764 573 060
'+256 744 470 298
'+256 716 021 164
'+256 731 260 096
'+256 728 970 489
'+256 758 872 776
'+256 705 422 682

'+256 737 463 754
'+256 781 673 395

'+256 726 698 152
'+256 729 724 893
'+256 732 220 698
'+256 719 246 278
'+256 736 953 014
'+256 738 671 733
'+256 749 618 079
'+256 787 617 096
'+256 707 372 697

'+256 735 554 859
'+256 792 832 537
'+256 714 641 016
'+256 776 047 816
'+256 760 190 287

'+256 707 077 418
'+256 741 959 560
'+256 764 177 961
'+256 789 065 033
'+256 735 185 185
'+256 737 705 444
'+256 771 125 894
'+256 764 317 723
'+256 772 741 849

'+256 747 164 708
'+256 799 182 879
'+256 702 908 296
'+256 749 877 405
'+256 705 041 266
'+256 785 712 478
'+256 765 575 713
'+256 759 127 483
'+256 742 332 404
'+256 736 259 990
'+256 735 145 925
'+256 794 969 751
'+256 792 326 376
'+256 750 020 652
'+256 748 701 250
'+256 782 441 246
'+256 778 484 424
'+256 706 286 634
'+256 776 807 729
'+256 719 052 391
'+256 788 249 581
'+256 792 170 385
'+256 719 366 568
'+256 763 518 523
'+256 723 753 287
'+256 732 274 169
'+256 728 649 590
'+256 791 956 902
'+256 704 663 243
'+256 779 916 325
'+256 782 730 034

'+256 793 546 012
'+256 708 736 452
'+256 757 379 727
'+256 733 638 498
'+256 718 353 903
'+256 792 492 643
'+256 704 898 104
'+256 733 878 120
'+256 756 874 151
'+256 723 421 760
'+256 774 766 307
'+256 750 298 745

'+256 752 090 920
'+256 704 561 727
'+256 711 933 729
'+256 723 610 050
'+256 734 268 560
'+256 799 518 464
'+256 707 103 827
'+256 733 018 035
'+256 792 699 263
'+256 773 318 661
'+256 769 192 339

'+256 790 336 227
'+256 794 483 102
'+256 766 310 771
'+256 736 624 511
'+256 734 173 477
'+256 784 143 275
'+256 785 334 445
'+256 750 736 630
'+256 751 030 558
'+256 785 729 674
'+256 736 412 467
'+256 711 587 657
'+256 722 719 570
'+256 768 617 429
'+256 712 599 233
'+256 758 981 726
'+256 743 155 054
'+256 718 311 884
'+256 764 538 417

'+256 703 262 593
'+256 775 223 409
'+256 710 249 295
'+256 785 930 751
'+256 755 963 433
'+256 718 942 074
'+256 750 748 815
'+256 716 911 562
'+256 728 270 944
'+256 767 412 932
'+256 700 029 699
'+256 778 934 543
'+256 769 982 672
'+256 707 047 736

'+256 783 426 652
'+256 742 673 945
'+256 710 069 981
'+256 739 238 720
'+256 775 555 142
'+256 779 041 287
'+256 793 180 738
'+256 734 730 985
'+256 732 667 216
'+256 738 977 635
'+256 796 111 604
'+256 726 982 128
'+256 779 222 962
'+256 705 368 347
'+256 739 622 051
'+256 707 078 724
'+256 799 185 534
'+256 774 304 937
'+256 727 305 035
'+256 759 644 504
'+256 754 911 895
'+256 758 072 691
'+256 707 331 034
'+256 779 562 898
'+256 757 981 220

'+256 707 214 621
'+256 756 430 003

'+256 778 937 224
'+256 795 320 317
'+256 760 808 420
'+256 790 045 376
'+256 752 827 662
'+256 712 317 792
'+256 711 560 573
'+256 771 651 430
'+256 797 472 718
'+256 798 479 346
'+256 798 444 067
'+256 777 858 062
'+256 744 131 322
'+256 722 609 041
'+256 773 047 780
'+256 721 034 267
'+256 704 418 793
'+256 707 858 699
'+256 741 134 487
'+256 776 830 806
'+256 731 250 855
'+256 764 473 211
'+256 708 958 728
'+256 777 705 557
'+256 776 574 438
'+256 767 134 064
'+256 731 701 248
'+256 793 481 684
'+256 726 622 358
'+256 741 584 419
'+256 725 497 250
'+256 747 616 737

'+256 704 208 739
'+256 770 540 760
'+256 710 652 305
'+256 768 459 591

'+256 793 729 991
'+256 738 051 901
'+256 782 224 433
'+256 780 586 800
'+256 712 199 831
'+256 766 659 173
'+256 714 697 838
'+256 790 679 421
'+256 778 404 729
'+256 753 653 885
'+256 740 737 644
'+256 785 646 057
'+256 759 949 555
'+256 788 902 468
'+256 788 616 722
'+256 772 915 099
'+256 748 085 986
'+256 701 610 348
'+256 715 528 440

'+256 730 773 015
'+256 754 453 452
'+256 754 659 105
'+256 727 296 507
'+256 791 912 504
'+256 725 984 327
'+256 702 585 164
'+256 793 626 976
'+256 734 062 641
'+256 783 868 322
'+256 767 988 016
'+256 771 749 849
'+256 760 753 809
'+256 730 068 898
'+256 766 870 942
'+256 771 681 829
'+256 740 567 535
'+256 744 168 425
'+256 761 188 547
'+256 746 559 555
'+256 775 636 092
'+256 774 468 659
'+256 791 436 288
'+256 707 792 261
'+256 791 228 024
'+256 704 374 792
'+256 711 345 863
'+256 760 930 729
'+256 776 418 295
'+256 795 629 007
'+256 737 131 138
'+256 767 560 054
'+256 795 664 332
'+256 783 179 030
'+256 715 824 765
'+256 773 303 721
'+256 730 712 453
'+256 714 965 068
'+256 785 035 849
'+256 725 678 095
'+256 768 271 156
'+256 794 659 187
'+256 799 301 589
'+256 722 667 948
'+256 733 570 963
'+256 740 529 253


'+256 728 960 272
'+256 742 996 553
'+256 735 859 929
'+256 728 243 055
'+256 748 086 263
'+256 725 184 360
'+256 758 402 852
'+256 749 760 810
'+256 731 529 303
'+256 710 325 455
'+256 773 965 145
'+256 767 117 816
'+256 717 149 152
'+256 724 104 550
'+256 785 208 073
'+256 705 736 826
'+256 775 586 067
'+256 740 617 672
'+256 755 838 163
'+256 796 536 814
'+256 745 160 178
'+256 761 477 690
'+256 799 636 279
'+256 790 351 835
'+256 743 952 429
'+256 783 567 791
'+256 703 518 513
'+256 765 200 956
'+256 798 091 339
'+256 701 369 714
'+256 785 711 895
'+256 707 960 924
'+256 762 630 970
'+256 715 994 453
'+256 729 171 222
'+256 769 819 390
'+256 783 043 907
'+256 784 523 338
'+256 777 550 591
'+256 779 456 686
'+256 765 094 299
'+256 774 655 313
'+256 794 318 616
'+256 754 640 178
'+256 709 557 367
'+256 773 176 083
'+256 757 609 997
'+256 700 331 843
'+256 710 699 589
'+256 765 528 689
'+256 754 895 201
'+256 762 571 999
'+256 788 144 557
'+256 753 671 118
'+256 796 255 148
'+256 702 724 311
'+256 725 105 179
'+256 777 552 201
'+256 733 863 695
'+256 718 560 083
'+256 701 195 490
'+256 790 339 822
'+256 740 164 963
'+256 722 754 464
'+256 756 039 186
'+256 724 949 606
'+256 732 087 603
'+256 705 203 558
'+256 730 654 458
'+256 799 157 062
'+256 747 875 634
'+256 706 645 099
'+256 741 219 218
'+256 767 416 612
'+256 765 183 619
'+256 749 592 199
'+256 728 467 856
'+256 783 997 875
'+256 701 828 253
'+256 751 189 112
'+256 734 409 626
'+256 741 489 666
'+256 776 495 733
'+256 767 842 504
'+256 792 703 439
'+256 723 340 004
'+256 794 940 439
'+256 702 959 237
'+256 700 213 077
'+256 783 770 992
'+256 760 594 169
'+256 793 957 801
'+256 725 425 464
'+256 716 917 590
'+256 783 365 498
'+256 703 235 974
'+256 779 119 437
'+256 796 974 406
'+256 799 843 268
'+256 760 269 740
'+256 761 154 475
'+256 783 249 135

'+256 717 403 784
'+256 743 227 719
'+256 723 725 656
'+256 705 588 527
'+256 776 014 243
'+256 745 888 218
'+256 715 132 392
'+256 736 608 246
'+256 747 604 331
'+256 736 711 690
'+256 778 998 216
'+256 712 124 391
'+256 768 586 429
'+256 712 419 747
'+256 758 310 808
'+256 733 803 606

'+256 707 905 793
'+256 737 696 070
'+256 792 105 673
'+256 707 852 544
'+256 718 687 379
'+256 750 955 487
'+256 755 579 700
'+256 782 000 963
'+256 746 287 835
'+256 701 450 389
'+256 788 159 170
'+256 797 534 221
'+256 732 973 520
'+256 785 554 583
'+256 778 168 937
'+256 749 741 240
'+256 713 295 022
'+256 757 221 436